BNP001RRCLW001   51.665  -116.437     0.000 
BNP002RRBNP001   51.583  -116.312     0.000 
BNP003RRBNP002   51.399  -116.124     0.000 
BNP004RRBNP001   51.276  -115.912     0.000 
CLW001RRBNP001   52.831  -114.849     0.000 
CLW002RRBNP003   52.629  -115.167     0.000 
CLW003RRCLW006   52.743  -116.151     0.000 
CLW004RRBNP003   52.619  -116.432     0.000 
CLW006RRCLW003   52.150  -115.933     0.000 
CLW008RRCLW006   52.463  -115.539     0.000 
FH1   52.189  -115.317     0.000 
FH2   52.043  -115.541     0.000 
IDA11bc_A10x   48.935  -116.444     0.000 
IDC11bc_C13x   47.839  -116.273     0.000 
JNP001RRJNP005   52.732  -117.639     0.000 
JNP002   52.740  -117.955     0.000 
JNP004RRJNP008   52.550  -117.665     0.000 
JNP006RRJNP008   52.307  -117.329     0.000 
JNP008RRJNP005   52.070  -116.908     0.000 
KNP001RRKNP004   50.682  -115.864     0.000 
KNP002RRKNP004   50.825  -116.013     0.000 
KNP004RRKNP001   51.168  -116.147     0.000 
MTB12bd_C11x   48.448  -115.563     0.000 
MTB13ce_C14x   48.373  -114.454     0.000 
MTB14bc_C15   48.311  -113.325     0.000 
MTB15be_C13x   48.313  -112.447     0.000 
MTC12bcd_C13x   47.889  -115.454     0.000 
MTC13bcd_E12x   47.842  -114.559     0.000 
MTC14d_C11   47.840  -113.429     0.000 
MTC15de_C14   47.745  -112.507     0.000 
RMN003c   51.105  -116.464     0.000 
RMN004c   50.887  -116.462     0.000 
RMN005c   50.992  -116.216     0.000 
RMN006c   50.548  -116.156     0.000 
RMN007c   50.561  -115.732     0.000 
RMN008c   50.356  -115.582     0.000 
RMN009RRRMN007   50.221  -116.047     0.000 
RMN012c   49.930  -114.858     0.000 
RMN013c   50.207  -114.992     0.000 
RMN014RRRMN025   49.257  -116.344     0.000 
RMN015RRRMN017   50.704  -116.336     0.000 
RMN016RRRMN017   50.730  -115.658     0.000 
RMN017RRRMN025   50.363  -116.364     0.000 
RMN018RRRMN025   49.447  -116.690     0.000 
RMN019RRRMN014   49.970  -115.820     0.000 
RMN020RRRMN014   50.150  -115.425     0.000 
RMN021RRRMN022   49.304  -114.925     0.000 
RMN022RRRMN025   49.133  -115.132     0.000 
RMN024RRRMN014   49.380  -115.358     0.000 
RMN025RRRMN024   49.054  -116.122     0.000 
RMN026   50.757  -116.699     0.000 
RMN028   50.088  -116.118     0.000 
RMN031   50.677  -117.076     0.000 
RMN032RRRMN028   50.061  -117.383     0.000 
RMN036   49.012  -117.178     0.000 
RMN037RRRMN036   49.264  -117.393     0.000 
RMN038RRRMN036   49.372  -116.100     0.000 
SLK001c   51.553  -117.298     0.000 
SLK002c   51.708  -117.539     0.000 
SLK003c   51.806  -117.324     0.000 
SLK005c   52.100  -118.462     0.000 
SLK006c   51.828  -118.514     0.000 
SLK007RRSLK002   51.671  -118.550     0.000 
SLK008c   51.418  -118.406     0.000 
SLK009RRSLK008   51.214  -118.201     0.000 
SLK010c   51.454  -118.155     0.000 
SLK011c   51.014  -116.671     0.000 
SLK012c   51.119  -116.989     0.000 
SSK001RRSSK002   50.015  -114.422     0.000 
SSK002RRSSK004   50.276  -114.575     0.000 
SSK003RRSSK004   50.518  -114.836     0.000 
SSK004RRSSK002   50.825  -114.868     0.000 
WAA10bc_A11x   48.927  -117.597     0.000 
WAB07bc_B8y   48.507  -120.264     0.000 
WAB08ce_B7x   48.567  -119.430     0.000 
WAB10bc_C10x   48.264  -117.329     0.000 
WAC07df_C6x   47.804  -119.912     0.000 
WAC08_final   47.770  -119.174     0.000 
WAC09bc_E8x   47.821  -118.200     0.000 
WAC10bc_D10y   47.812  -117.284     0.000 
YHD001RRYHD004   53.534  -115.490     0.000 
YHD002RRYHD009   53.563  -116.263     0.000 
YHD003RRYHD012   53.365  -115.801     0.000 
YHD004RRYHD005   53.367  -116.610     0.000 
YHD005RRYHD009   53.276  -116.322     0.000 
YHD006RRYHD012   53.125  -115.924     0.000 
YHD008RRYHD009   53.354  -117.198     0.000 
YHD009RRYHD010   53.175  -116.811     0.000 
YHD011RRYHD009   52.931  -116.369     0.000 
YHD012RRYHD011   53.203  -117.542     0.000 
YHD013RRYHD012   53.044  -117.102     0.000 
YHD014   52.813  -116.900     0.000 
aba114   49.082  -113.308     0.000 
aba115   49.082  -112.369     0.000 
aba116   49.170  -111.775     0.000 
aba117   49.124  -110.736     0.000 
aba314   50.295  -113.322     0.000 
aba315   50.318  -112.399     0.000 
aba316   50.423  -111.624     0.000 
aba317   50.156  -110.862     0.000 
aba415   50.933  -112.730     0.000 
aba513   51.589  -114.085     0.000 
aba613   52.218  -114.023     0.000 
aba614   52.346  -113.273     0.000 
aba713   52.909  -113.861     0.000 
aba714   52.909  -113.088     0.000 
aba715   53.220  -112.528     0.000 
aba716   52.858  -112.435     0.000 
aba717   52.947  -111.914     0.000 
aba718   52.781  -111.251     0.000 
aba730RRaba745   52.934  -113.475     0.000 
aba735RRaba745   53.119  -113.979     0.000 
aba740RRaba745   53.294  -113.668     0.000 
aba745RRaba740   53.295  -114.419     0.000 
aba750RRaba740   53.650  -114.340     0.000 
aba813   53.435  -114.089     0.000 
aba814   53.130  -113.358     0.000 
aba835RRaba950   53.562  -112.000     0.000 
aba840RRaba965   53.843  -112.881     0.000 
aba845RRaba960   54.114  -113.731     0.000 
aba889   53.372  -113.484     0.000 
aba915   53.718  -112.443     0.000 
aba916   53.412  -111.628     0.000 
aba920   54.515  -112.860     0.000 
aba945RRaba965   54.313  -112.499     0.000 
aba950RRaba960   54.194  -111.973     0.000 
aba955RRaba965   53.889  -111.208     0.000 
aba960RRaba965   54.183  -111.257     0.000 
aba965RRaba960   53.919  -110.661     0.000 
abc146   50.201  -120.158     0.000 
abc150   50.463  -119.878     0.000 
abc154   50.603  -119.532     0.000 
abc156   50.664  -119.322     0.000 
abc158   50.746  -119.138     0.000 
abc160   50.828  -118.935     0.000 
abc162   50.892  -118.679     0.000 
abc164   50.921  -118.463     0.000 
abc168   51.013  -118.057     0.000 
abc172   51.232  -117.674     0.000 
abc176   51.362  -117.434     0.000 
abc178   51.403  -117.314     0.000 
abc182   51.483  -116.964     0.000 
abc184   51.575  -116.788     0.000 
abc186   51.705  -116.717     0.000 
abc188   51.803  -116.587     0.000 
abc190   52.012  -116.569     0.000 
abc194   52.336  -116.358     0.000 
abc198   52.516  -116.190     0.000 
abc200   52.620  -115.940     0.000 
abc202   52.709  -115.735     0.000 
abc204   52.838  -115.510     0.000 
abc206   52.988  -115.340     0.000 
abc208   53.088  -115.191     0.000 
abc300RR295   51.491  -120.252     0.000 
abc310RR360   51.792  -119.692     0.000 
abc315RR360   51.928  -119.541     0.000 
abc325RR360   52.136  -119.354     0.000 
abc345RR360   52.560  -119.048     0.000 
abc350RR360   52.633  -118.994     0.000 
abc360RR365   52.896  -118.740     0.000 
abc370RR360   52.874  -118.261     0.000 
abc375RR360   52.996  -118.082     0.000 
abc384RR386   53.370  -117.765     0.000 
abc386RR384   53.519  -117.418     0.000 
abc388RR386   53.569  -116.971     0.000 
abc390RR386   53.726  -116.533     0.000 
abt002   52.567  -110.167     0.000 
abt004   52.516  -110.449     0.000 
abt005   52.553  -110.669     0.000 
abt006   52.607  -110.861     0.000 
abt007   52.501  -111.175     0.000 
abt009   52.602  -111.542     0.000 
abt011   52.346  -111.970     0.000 
abt012   52.682  -112.003     0.000 
abt013   52.533  -112.289     0.000 
abt016   52.467  -112.700     0.000 
abt017   52.557  -112.857     0.000 
abt018   52.654  -113.128     0.000 
abt019   52.563  -113.221     0.000 
abt021   52.623  -113.923     0.000 
abt022   52.712  -114.052     0.000 
abt023   52.809  -114.236     0.000 
abt025   52.978  -114.242     0.000 
abt026   53.066  -114.634     0.000 
abt029   53.374  -114.722     0.000 
abt031   52.147  -113.481     0.000 
abt032   52.703  -114.418     0.000 
abt033   51.950  -112.883     0.000 
abt034   51.880  -112.508     0.000 
abt035   51.909  -112.138     0.000 
abt036   51.994  -113.337     0.000 
abt037   52.263  -114.607     0.000 
abt039   51.274  -112.795     0.000 
abt040   51.235  -112.702     0.000 
abt041   51.177  -112.511     0.000 
abt042   51.128  -112.374     0.000 
abt043   51.393  -112.945     0.000 
abt044   51.553  -113.026     0.000 
abt045   51.627  -113.163     0.000 
abt048   51.061  -112.013     0.000 
abt049   51.088  -111.559     0.000 
abt050   51.236  -111.437     0.000 
abt056   51.767  -111.282     0.000 
abt058   51.753  -110.647     0.000 
abt061   51.698  -110.049     0.000 
abt062   50.842  -112.049     0.000 
abt064   50.616  -112.081     0.000 
abt065   50.471  -111.847     0.000 
abt068   51.713  -113.158     0.000 
abt070   51.693  -113.647     0.000 
abt072   51.809  -113.783     0.000 
abt073   51.867  -113.876     0.000 
abt074   51.954  -113.926     0.000 
abt076   52.020  -114.215     0.000 
abt078   52.131  -114.435     0.000 
abt079   52.186  -114.572     0.000 
abt081   52.330  -115.017     0.000 
abt082   52.563  -113.492     0.000 
abt083   52.543  -113.757     0.000 
abt089   53.731  -114.921     0.000 
abt091   53.811  -115.314     0.000 
abt094   54.031  -115.497     0.000 
abt095   54.129  -115.276     0.000 
abt097   54.651  -114.201     0.000 
abt100   54.474  -113.739     0.000 
abt103   54.231  -113.162     0.000 
abt107   54.013  -112.442     0.000 
abt109   53.924  -112.104     0.000 
abt110   53.876  -111.817     0.000 
abt111   53.777  -111.662     0.000 
abt112   53.621  -111.582     0.000 
abt115   53.489  -111.036     0.000 
abt116   53.428  -110.777     0.000 
abt117   53.275  -110.615     0.000 
abt119   53.254  -110.269     0.000 
abt121   53.073  -110.038     0.000 
abt122   52.515  -109.916     0.000 
abt123   52.498  -109.768     0.000 
abt130   49.604  -110.936     0.000 
abt132   53.517  -110.003     0.000 
abt135   54.391  -110.114     0.000 
abt136   54.231  -109.818     0.000 
abt138   54.429  -110.807     0.000 
abt140   54.503  -111.169     0.000 
abt143   54.544  -111.893     0.000 
abt145   54.758  -112.318     0.000 
abt147   54.841  -112.641     0.000 
abt149   54.301  -110.507     0.000 
abt151   55.928  -119.908     0.000 
abt153   55.896  -119.437     0.000 
abt154   55.826  -119.096     0.000 
abt155   55.862  -118.840     0.000 
abt158   55.766  -118.249     0.000 
abt160   55.898  -117.761     0.000 
abt162   55.881  -117.318     0.000 
abt164   55.568  -116.565     0.000 
abt167   55.857  -120.423     0.000 
abt171   56.232  -117.070     0.000 
abt173   55.940  -116.985     0.000 
abt174   55.643  -117.040     0.000 
abt175   55.384  -116.962     0.000 
abt177   55.047  -116.882     0.000 
abt178   54.874  -117.307     0.000 
abt180   55.353  -115.983     0.000 
abt183   55.409  -118.003     0.000 
abt185   58.528  -117.274     0.000 
abt186   58.565  -117.708     0.000 
abt188   58.586  -118.323     0.000 
abt190   58.602  -118.836     0.000 
abt191   58.433  -119.436     0.000 
abt193   58.472  -116.944     0.000 
abt194   58.528  -116.721     0.000 
abt196   58.506  -116.199     0.000 
abt198   58.513  -115.696     0.000 
abt200   58.598  -118.633     0.000 
abt201   49.428  -113.734     0.000 
abt202   49.431  -113.444     0.000 
abt203   49.453  -112.961     0.000 
abt205   49.544  -112.664     0.000 
abt206   49.568  -112.449     0.000 
abt207   49.689  -112.237     0.000 
abt208   49.646  -111.937     0.000 
abt210   49.768  -111.575     0.000 
abt212   49.798  -111.209     0.000 
abt214   49.921  -111.382     0.000 
abt215   50.083  -111.758     0.000 
abt217   49.746  -110.731     0.000 
abt219   49.723  -110.269     0.000 
abt221   49.889  -109.873     0.000 
abt233   49.617  -113.483     0.000 
abt234   49.778  -113.448     0.000 
abt235   49.835  -113.673     0.000 
abt236   49.948  -113.711     0.000 
abt237   50.113  -113.684     0.000 
abt238   50.247  -113.812     0.000 
abt239   50.378  -113.888     0.000 
abt240   50.462  -114.097     0.000 
abt241   50.580  -114.161     0.000 
abt242   50.681  -114.402     0.000 
abt244   50.837  -114.506     0.000 
abt245   51.077  -114.501     0.000 
abt246   51.142  -114.666     0.000 
abt247   51.259  -114.446     0.000 
abt248   51.366  -114.601     0.000 
abt249   50.968  -114.611     0.000 
abt250   51.570  -114.455     0.000 
abt251   50.549  -113.038     0.000 
abt252   50.794  -113.362     0.000 
abt253   50.246  -112.878     0.000 
abt254   51.201  -113.391     0.000 
abt256   50.963  -113.388     0.000 
abt257   54.903  -113.196     0.000 
abt258   54.856  -113.596     0.000 
abt259   54.996  -113.895     0.000 
abt260   55.284  -114.678     0.000 
abt261   55.384  -115.129     0.000 
abt263   55.338  -115.541     0.000 
abt265   55.158  -112.576     0.000 
abt266   55.397  -112.493     0.000 
abt268   55.714  -112.188     0.000 
abt269   56.118  -111.776     0.000 
abt271   56.403  -111.293     0.000 
abt272   56.784  -111.740     0.000 
abt273   55.218  -113.921     0.000 
abt274   55.210  -114.406     0.000 
abt275   55.108  -115.241     0.000 
abt276   56.473  -116.242     0.000 
abt277   56.484  -116.697     0.000 
abt278   56.401  -117.398     0.000 
abt279   56.543  -117.952     0.000 
abt280   56.328  -118.244     0.000 
abt281   56.492  -118.653     0.000 
abt282   56.498  -118.967     0.000 
abt283   56.458  -119.323     0.000 
abt284   56.367  -119.724     0.000 
abt285   56.459  -120.129     0.000 
abt286   56.418  -120.499     0.000 
abt292   56.808  -117.522     0.000 
abt293   57.057  -117.363     0.000 
abt294   57.251  -117.321     0.000 
abt295   55.651  -117.363     0.000 
abt296   55.505  -117.544     0.000 
abt297   55.320  -118.389     0.000 
abt298   55.251  -118.901     0.000 
abt299   55.197  -119.297     0.000 
abt300   55.054  -119.768     0.000 
abt301   57.768  -117.023     0.000 
abt302   58.037  -116.861     0.000 
abt303   54.706  -117.083     0.000 
abt304   54.446  -116.906     0.000 
abt305   54.214  -116.571     0.000 
abt306   54.321  -116.162     0.000 
abt307   54.095  -115.720     0.000 
abt315   54.102  -114.786     0.000 
abt317   54.276  -114.144     0.000 
abt318   54.608  -113.353     0.000 
abt319   55.142  -117.144     0.000 
abt320   55.337  -116.675     0.000 
abt321   54.403  -115.561     0.000 
abt322   54.796  -115.258     0.000 
abt500   53.348  -112.969     0.000 
aet88_10   49.741  -117.058     0.000 
bca009   49.288  -117.674     0.000 
bca010   49.166  -116.651     0.000 
bca109   49.739  -117.493     0.000 
bca210   49.928  -116.969     0.000 
bca309RR410   50.400  -117.888     0.000 
bca310   50.370  -117.015     0.000 
bca409RR410   50.763  -117.744     0.000 
bca410   50.820  -117.184     0.000 
bhn001combined   51.633  -114.753     0.000 
bhn002combined   51.559  -115.056     0.000 
bhn003combined   51.276  -115.055     0.000 
clw012   51.915  -114.548     0.000 
dun-86_5   49.406  -115.809     0.000 
duncan_23   49.146  -115.565     0.000 
duncan_38   49.233  -114.229     0.000 
emr87_16   49.601  -116.662     0.000 
emr87_20   49.676  -116.338     0.000 
emr87_23   49.634  -116.145     0.000 
emr87_24   49.761  -115.663     0.000 
emr87_26   49.508  -117.702     0.000 
emr87_5   49.622  -117.131     0.000 
emr87_9   49.742  -116.676     0.000 
flat_4   49.104  -114.490     0.000 
kooc1_1   48.994  -114.959     0.000 
kooc1_14   48.930  -115.323     0.000 
kooc9_14   48.221  -115.974     0.000 
kooc9_15   48.238  -114.990     0.000 
lab010   57.371  -112.986     0.000 
lab015   57.893  -112.988     0.000 
lab110   55.334  -111.275     0.000 
lab135   57.578  -111.508     0.000 
lab140   57.875  -111.391     0.000 
line100e_11   49.616  -119.550     0.000 
line100e_2   49.616  -118.315     0.000 
line100e_4   49.421  -118.730     0.000 
line100e_5   49.596  -118.920     0.000 
line100w_2   49.807  -120.181     0.000 
line100w_4   49.793  -119.505     0.000 
line10_5   50.232  -119.807     0.000 
line10s_1   49.776  -118.784     0.000 
line10s_10   49.530  -119.783     0.000 
line10s_13   49.563  -120.153     0.000 
line10s_5   49.707  -119.211     0.000 
line200_2   49.843  -119.778     0.000 
line200_4   50.059  -119.808     0.000 
line500_3   50.353  -119.544     0.000 
line500_6   50.391  -119.142     0.000 
line5_4   49.726  -117.983     0.000 
line6_1   49.965  -118.083     0.000 
line6_9   50.407  -118.056     0.000 
line7-9_10   50.191  -118.759     0.000 
line7-9_13   50.135  -119.074     0.000 
line7-9_6   50.283  -118.448     0.000 
line700_4   50.365  -117.514     0.000 
line800_1   49.658  -115.879     0.000 
line800_10   49.604  -114.466     0.000 
line800_11   49.609  -114.223     0.000 
line800_12   49.588  -114.002     0.000 
line800_13   49.630  -113.830     0.000 
line800_5   49.661  -115.397     0.000 
line800_7   49.636  -115.072     0.000 
line800_9   49.636  -114.695     0.000 
nab017   56.907  -115.977     0.000 
nab018   56.879  -116.481     0.000 
nab021   57.136  -117.727     0.000 
nab022   57.171  -118.147     0.000 
nab023   57.278  -118.406     0.000 
nab024   57.293  -118.744     0.000 
nab025   57.338  -119.063     0.000 
nab026   57.389  -119.396     0.000 
nab027   57.351  -119.697     0.000 
nab028   57.321  -120.007     0.000 
nab11   57.356  -115.381     0.000 
nab12   57.219  -115.143     0.000 
nab14   56.832  -115.250     0.000 
nab15   56.623  -115.347     0.000 
nab3   56.103  -115.295     0.000 
nab5   56.333  -115.340     0.000 
nab6   58.348  -115.943     0.000 
nab7   58.224  -115.711     0.000 
nab745   58.587  -115.208     0.000 
nab8   57.888  -115.545     0.000 
nab810   59.107  -118.480     0.000 
nab815   59.123  -118.101     0.000 
nab820   59.211  -117.505     0.000 
nab835   59.141  -116.853     0.000 
nab840   59.135  -116.633     0.000 
nab875   58.635  -110.525     0.000 
nab9   57.746  -115.346     0.000 
nab910RR915   59.880  -112.599     0.000 
nab935RR940   59.642  -111.446     0.000 
nab944RR940   59.031  -111.440     0.000 
rdc010   53.953  -114.289     0.000 
rdc030   53.723  -113.552     0.000 
rdc065   53.383  -112.234     0.000 
rdc075   53.272  -111.952     0.000 
rdc090   53.109  -111.495     0.000 
rdc100   53.004  -111.138     0.000 
rdc110   52.946  -110.722     0.000 
rdc120   52.816  -110.355     0.000 
sab001   49.117  -114.000     0.000 
sab005   49.447  -114.086     0.000 
sab010   49.817  -114.164     0.000 
sab015   50.222  -114.182     0.000 
sab020   49.944  -113.064     0.000 
sab025   50.138  -113.133     0.000 
sab030   51.246  -113.927     0.000 
sab035   51.424  -113.540     0.000 
sab040   49.982  -112.677     0.000 
sab045   49.978  -112.255     0.000 
sab050   50.583  -114.252     0.000 
sab055   50.914  -114.221     0.000 
sab060   51.366  -114.171     0.000 
sab065   51.792  -114.312     0.000 
sab070   51.543  -113.518     0.000 
sab075   50.608  -113.804     0.000 
sab080   50.895  -113.637     0.000 
sab085   51.056  -113.731     0.000 
sab090   51.438  -113.791     0.000 
sab095   50.440  -112.929     0.000 
sab100   50.674  -113.120     0.000 
sab105   51.253  -113.233     0.000 
sab110   51.846  -113.446     0.000 
sab115   50.509  -112.590     0.000 
sab117   50.649  -112.758     0.000 
sab120   51.061  -112.910     0.000 
sab125   51.808  -113.058     0.000 
sab130   50.809  -112.313     0.000 
sab140   51.459  -112.572     0.000 
sab145   51.722  -112.509     0.000 
sab150   50.766  -111.657     0.000 
sab155   51.318  -112.187     0.000 
sab160   51.608  -111.972     0.000 
sab165   51.263  -111.807     0.000 
sab170   51.593  -111.547     0.000 
sab175   50.298  -111.165     0.000 
sab180   50.138  -110.344     0.000 
sab185   50.645  -111.135     0.000 
sab190   50.658  -110.477     0.000 
sab195   51.067  -110.935     0.000 
sab200   52.171  -112.903     0.000 
sab204   52.259  -112.374     0.000 
sab210   51.990  -112.385     0.000 
sab215   52.014  -111.874     0.000 
sab220   52.316  -111.576     0.000 
sab225   52.005  -111.380     0.000 
sab230   52.140  -110.899     0.000 
sab240   51.211  -110.488     0.000 
sab245   51.525  -110.921     0.000 
AER001_edited_10-Mar-2023   55.834  -114.159   624.700 
AER002_edited_10-Mar-2023   56.962  -113.598   593.800 
AER003_edited_10-Mar-2023   56.632  -113.535   520.500 
AER004_edited_10-Mar-2023   56.650  -114.025   758.600 
AER005_edited_10-Mar-2023   56.359  -114.457   703.000 
AER006_edited_10-Mar-2023   56.369  -113.661   561.500 
AER007_edited_10-Mar-2023   55.784  -115.950   712.000 
AER008_edited_10-Mar-2023   56.762  -114.628   726.400 
AER009_edited_10-Mar-2023   57.189  -114.456   645.000 
AER010_edited_10-Mar-2023   56.153  -115.930   716.000 
AER011_edited_10-Mar-2023   57.566  -111.933   815.900 
AER012_edited_10-Mar-2023   57.881  -112.418   648.200 
AER013_edited_10-Mar-2023   57.787  -111.943   855.000 
AER014_edited_10-Mar-2023   57.291  -112.301   566.000 
AER015_edited_10-Mar-2023   57.873  -113.477   536.000 
